177
255
142
0
90
0
68
0
51
0
30
0
4
0
231
255
204
255
185
255
178
255
186
255
210
255
247
255
33
0
74
0
104
0
116
0
106
0
72
0
20
0
214
255
154
255
108
255
88
255
100
255
145
255
218
255
50
0
137
0
206
0
240
0
229
0
169
0
68
0
199
255
71
255
222
254
165
254
173
254
251
254
136
255
64
0
2
1
168
1
13
2
19
2
172
1
220
0
187
255
119
254
75
253
118
252
54
252
185
252
22
254
72
0
43
3
127
6
242
9
36
13
187
15
106
17
0
18
177
255
142
0
90
0
68
0
51
0
30
0
4
0
231
255
204
255
185
255
178
255
186
255
210
255
247
255
33
0
74
0
104
0
116
0
106
0
72
0
20
0
214
255
154
255
108
255
88
255
100
255
145
255
218
255
50
0
137
0
206
0
240
0
229
0
169
0
68
0
199
255
71
255
222
254
165
254
173
254
251
254
136
255
64
0
2
1
168
1
13
2
19
2
172
1
220
0
187
255
119
254
75
253
118
252
54
252
185
252
22
254
72
0
43
3
127
6
242
9
36
13
187
15
106
17
0
18
177
255
142
0
90
0
68
0
51
0
30
0
4
0
231
255
204
255
185
255
178
255
186
255
210
255
247
255
33
0
74
0
104
0
116
0
106
0
72
0
20
0
214
255
154
255
108
255
88
255
100
255
145
255
218
255
50
0
137
0
206
0
240
0
229
0
169
0
68
0
199
255
71
255
222
254
165
254
173
254
251
254
136
255
64
0
2
1
168
1
13
2
19
2
172
1
220
0
187
255
119
254
75
253
118
252
54
252
185
252
22
254
72
0
43
3
127
6
242
9
36
13
187
15
106
17
0
18
136
0
183
255
186
255
184
255
183
255
186
255
196
255
215
255
241
255
15
0
45
0
71
0
86
0
89
0
75
0
48
0
8
0
218
255
174
255
139
255
120
255
122
255
148
255
194
255
1
0
70
0
135
0
183
0
205
0
195
0
150
0
75
0
234
255
131
255
38
255
228
254
203
254
228
254
49
255
170
255
64
0
221
0
104
1
199
1
228
1
177
1
44
1
96
0
99
255
88
254
106
253
196
252
145
252
240
252
243
253
155
255
211
1
118
4
80
7
33
10
170
12
172
14
245
15
103
16
136
0
183
255
186
255
184
255
183
255
186
255
196
255
215
255
241
255
15
0
45
0
71
0
86
0
89
0
75
0
48
0
8
0
218
255
174
255
139
255
120
255
122
255
148
255
194
255
1
0
70
0
135
0
183
0
205
0
195
0
150
0
75
0
234
255
131
255
38
255
228
254
203
254
228
254
49
255
170
255
64
0
221
0
104
1
199
1
228
1
177
1
44
1
96
0
99
255
88
254
106
253
196
252
145
252
240
252
243
253
155
255
211
1
118
4
80
7
33
10
170
12
172
14
245
15
103
16
136
0
183
255
186
255
184
255
183
255
186
255
196
255
215
255
241
255
15
0
45
0
71
0
86
0
89
0
75
0
48
0
8
0
218
255
174
255
139
255
120
255
122
255
148
255
194
255
1
0
70
0
135
0
183
0
205
0
195
0
150
0
75
0
234
255
131
255
38
255
228
254
203
254
228
254
49
255
170
255
64
0
221
0
104
1
199
1
228
1
177
1
44
1
96
0
99
255
88
254
106
253
196
252
145
252
240
252
243
253
155
255
211
1
118
4
80
7
33
10
170
12
172
14
245
15
103
16
136
0
183
255
186
255
184
255
183
255
186
255
196
255
215
255
241
255
15
0
45
0
71
0
86
0
89
0
75
0
48
0
8
0
218
255
174
255
139
255
120
255
122
255
148
255
194
255
1
0
70
0
135
0
183
0
205
0
195
0
150
0
75
0
234
255
131
255
38
255
228
254
203
254
228
254
49
255
170
255
64
0
221
0
104
1
199
1
228
1
177
1
44
1
96
0
99
255
88
254
106
253
196
252
145
252
240
252
243
253
155
255
211
1
118
4
80
7
33
10
170
12
172
14
245
15
103
16
136
0
183
255
186
255
184
255
183
255
186
255
196
255
215
255
241
255
15
0
45
0
71
0
86
0
89
0
75
0
48
0
8
0
218
255
174
255
139
255
120
255
122
255
148
255
194
255
1
0
70
0
135
0
183
0
205
0
195
0
150
0
75
0
234
255
131
255
38
255
228
254
203
254
228
254
49
255
170
255
64
0
221
0
104
1
199
1
228
1
177
1
44
1
96
0
99
255
88
254
106
253
196
252
145
252
240
252
243
253
155
255
211
1
118
4
80
7
33
10
170
12
172
14
245
15
103
16
136
0
183
255
186
255
184
255
183
255
186
255
196
255
215
255
241
255
15
0
45
0
71
0
86
0
89
0
75
0
48
0
8
0
218
255
174
255
139
255
120
255
122
255
148
255
194
255
1
0
70
0
135
0
183
0
205
0
195
0
150
0
75
0
234
255
131
255
38
255
228
254
203
254
228
254
49
255
170
255
64
0
221
0
104
1
199
1
228
1
177
1
44
1
96
0
99
255
88
254
106
253
196
252
145
252
240
252
243
253
155
255
211
1
118
4
80
7
33
10
170
12
172
14
245
15
103
16
1
0
73
255
208
255
213
255
225
255
243
255
11
0
35
0
57
0
73
0
79
0
74
0
56
0
27
0
247
255
208
255
172
255
145
255
132
255
137
255
162
255
203
255
2
0
62
0
118
0
163
0
187
0
185
0
153
0
95
0
16
0
181
255
93
255
21
255
232
254
227
254
9
255
89
255
205
255
86
0
226
0
91
1
174
1
200
1
158
1
46
1
126
0
161
255
177
254
206
253
30
253
196
252
220
252
125
253
173
254
101
0
142
2
6
5
158
7
34
10
91
12
26
14
55
15
153
15
1
0
73
255
208
255
213
255
225
255
243
255
11
0
35
0
57
0
73
0
79
0
74
0
56
0
27
0
247
255
208
255
172
255
145
255
132
255
137
255
162
255
203
255
2
0
62
0
118
0
163
0
187
0
185
0
153
0
95
0
16
0
181
255
93
255
21
255
232
254
227
254
9
255
89
255
205
255
86
0
226
0
91
1
174
1
200
1
158
1
46
1
126
0
161
255
177
254
206
253
30
253
196
252
220
252
125
253
173
254
101
0
142
2
6
5
158
7
34
10
91
12
26
14
55
15
153
15
1
0
73
255
208
255
213
255
225
255
243
255
11
0
35
0
57
0
73
0
79
0
74
0
56
0
27
0
247
255
208
255
172
255
145
255
132
255
137
255
162
255
203
255
2
0
62
0
118
0
163
0
187
0
185
0
153
0
95
0
16
0
181
255
93
255
21
255
232
254
227
254
9
255
89
255
205
255
86
0
226
0
91
1
174
1
200
1
158
1
46
1
126
0
161
255
177
254
206
253
30
253
196
252
220
252
125
253
173
254
101
0
142
2
6
5
158
7
34
10
91
12
26
14
55
15
153
15
1
0
73
255
208
255
213
255
225
255
243
255
11
0
35
0
57
0
73
0
79
0
74
0
56
0
27
0
247
255
208
255
172
255
145
255
132
255
137
255
162
255
203
255
2
0
62
0
118
0
163
0
187
0
185
0
153
0
95
0
16
0
181
255
93
255
21
255
232
254
227
254
9
255
89
255
205
255
86
0
226
0
91
1
174
1
200
1
158
1
46
1
126
0
161
255
177
254
206
253
30
253
196
252
220
252
125
253
173
254
101
0
142
2
6
5
158
7
34
10
91
12
26
14
55
15
153
15
1
0
73
255
208
255
213
255
225
255
243
255
11
0
35
0
57
0
73
0
79
0
74
0
56
0
27
0
247
255
208
255
172
255
145
255
132
255
137
255
162
255
203
255
2
0
62
0
118
0
163
0
187
0
185
0
153
0
95
0
16
0
181
255
93
255
21
255
232
254
227
254
9
255
89
255
205
255
86
0
226
0
91
1
174
1
200
1
158
1
46
1
126
0
161
255
177
254
206
253
30
253
196
252
220
252
125
253
173
254
101
0
142
2
6
5
158
7
34
10
91
12
26
14
55
15
153
15
1
0
73
255
208
255
213
255
225
255
243
255
11
0
35
0
57
0
73
0
79
0
74
0
56
0
27
0
247
255
208
255
172
255
145
255
132
255
137
255
162
255
203
255
2
0
62
0
118
0
163
0
187
0
185
0
153
0
95
0
16
0
181
255
93
255
21
255
232
254
227
254
9
255
89
255
205
255
86
0
226
0
91
1
174
1
200
1
158
1
46
1
126
0
161
255
177
254
206
253
30
253
196
252
220
252
125
253
173
254
101
0
142
2
6
5
158
7
34
10
91
12
26
14
55
15
153
15
1
0
73
255
208
255
213
255
225
255
243
255
11
0
35
0
57
0
73
0
79
0
74
0
56
0
27
0
247
255
208
255
172
255
145
255
132
255
137
255
162
255
203
255
2
0
62
0
118
0
163
0
187
0
185
0
153
0
95
0
16
0
181
255
93
255
21
255
232
254
227
254
9
255
89
255
205
255
86
0
226
0
91
1
174
1
200
1
158
1
46
1
126
0
161
255
177
254
206
253
30
253
196
252
220
252
125
253
173
254
101
0
142
2
6
5
158
7
34
10
91
12
26
14
55
15
153
15
177
255
142
0
90
0
68
0
51
0
30
0
4
0
231
255
204
255
185
255
178
255
186
255
210
255
247
255
33
0
74
0
104
0
116
0
106
0
72
0
20
0
214
255
154
255
108
255
88
255
100
255
145
255
218
255
50
0
137
0
206
0
240
0
229
0
169
0
68
0
199
255
71
255
222
254
165
254
173
254
251
254
136
255
64
0
2
1
168
1
13
2
19
2
172
1
220
0
187
255
119
254
75
253
118
252
54
252
185
252
22
254
72
0
43
3
127
6
242
9
36
13
187
15
106
17
0
18
177
255
142
0
90
0
68
0
51
0
30
0
4
0
231
255
204
255
185
255
178
255
186
255
210
255
247
255
33
0
74
0
104
0
116
0
106
0
72
0
20
0
214
255
154
255
108
255
88
255
100
255
145
255
218
255
50
0
137
0
206
0
240
0
229
0
169
0
68
0
199
255
71
255
222
254
165
254
173
254
251
254
136
255
64
0
2
1
168
1
13
2
19
2
172
1
220
0
187
255
119
254
75
253
118
252
54
252
185
252
22
254
72
0
43
3
127
6
242
9
36
13
187
15
106
17
0
18
177
255
142
0
90
0
68
0
51
0
30
0
4
0
231
255
204
255
185
255
178
255
186
255
210
255
247
255
33
0
74
0
104
0
116
0
106
0
72
0
20
0
214
255
154
255
108
255
88
255
100
255
145
255
218
255
50
0
137
0
206
0
240
0
229
0
169
0
68
0
199
255
71
255
222
254
165
254
173
254
251
254
136
255
64
0
2
1
168
1
13
2
19
2
172
1
220
0
187
255
119
254
75
253
118
252
54
252
185
252
22
254
72
0
43
3
127
6
242
9
36
13
187
15
106
17
0
18
177
255
142
0
90
0
68
0
51
0
30
0
4
0
231
255
204
255
185
255
178
255
186
255
210
255
247
255
33
0
74
0
104
0
116
0
106
0
72
0
20
0
214
255
154
255
108
255
88
255
100
255
145
255
218
255
50
0
137
0
206
0
240
0
229
0
169
0
68
0
199
255
71
255
222
254
165
254
173
254
251
254
136
255
64
0
2
1
168
1
13
2
19
2
172
1
220
0
187
255
119
254
75
253
118
252
54
252
185
252
22
254
72
0
43
3
127
6
242
9
36
13
187
15
106
17
0
18
177
255
142
0
90
0
68
0
51
0
30
0
4
0
231
255
204
255
185
255
178
255
186
255
210
255
247
255
33
0
74
0
104
0
116
0
106
0
72
0
20
0
214
255
154
255
108
255
88
255
100
255
145
255
218
255
50
0
137
0
206
0
240
0
229
0
169
0
68
0
199
255
71
255
222
254
165
254
173
254
251
254
136
255
64
0
2
1
168
1
13
2
19
2
172
1
220
0
187
255
119
254
75
253
118
252
54
252
185
252
22
254
72
0
43
3
127
6
242
9
36
13
187
15
106
17
0
18
177
255
142
0
90
0
68
0
51
0
30
0
4
0
231
255
204
255
185
255
178
255
186
255
210
255
247
255
33
0
74
0
104
0
116
0
106
0
72
0
20
0
214
255
154
255
108
255
88
255
100
255
145
255
218
255
50
0
137
0
206
0
240
0
229
0
169
0
68
0
199
255
71
255
222
254
165
254
173
254
251
254
136
255
64
0
2
1
168
1
13
2
19
2
172
1
220
0
187
255
119
254
75
253
118
252
54
252
185
252
22
254
72
0
43
3
127
6
242
9
36
13
187
15
106
17
0
18
177
255
142
0
90
0
68
0
51
0
30
0
4
0
231
255
204
255
185
255
178
255
186
255
210
255
247
255
33
0
74
0
104
0
116
0
106
0
72
0
20
0
214
255
154
255
108
255
88
255
100
255
145
255
218
255
50
0
137
0
206
0
240
0
229
0
169
0
68
0
199
255
71
255
222
254
165
254
173
254
251
254
136
255
64
0
2
1
168
1
13
2
19
2
172
1
220
0
187
255
119
254
75
253
118
252
54
252
185
252
22
254
72
0
43
3
127
6
242
9
36
13
187
15
106
17
0
18
177
255
142
0
90
0
68
0
51
0
30
0
4
0
231
255
204
255
185
255
178
255
186
255
210
255
247
255
33
0
74
0
104
0
116
0
106
0
72
0
20
0
214
255
154
255
108
255
88
255
100
255
145
255
218
255
50
0
137
0
206
0
240
0
229
0
169
0
68
0
199
255
71
255
222
254
165
254
173
254
251
254
136
255
64
0
2
1
168
1
13
2
19
2
172
1
220
0
187
255
119
254
75
253
118
252
54
252
185
252
22
254
72
0
43
3
127
6
242
9
36
13
187
15
106
17
0
18
177
255
142
0
90
0
68
0
51
0
30
0
4
0
231
255
204
255
185
255
178
255
186
255
210
255
247
255
33
0
74
0
104
0
116
0
106
0
72
0
20
0
214
255
154
255
108
255
88
255
100
255
145
255
218
255
50
0
137
0
206
0
240
0
229
0
169
0
68
0
199
255
71
255
222
254
165
254
173
254
251
254
136
255
64
0
2
1
168
1
13
2
19
2
172
1
220
0
187
255
119
254
75
253
118
252
54
252
185
252
22
254
72
0
43
3
127
6
242
9
36
13
187
15
106
17
0
18
177
255
142
0
90
0
68
0
51
0
30
0
4
0
231
255
204
255
185
255
178
255
186
255
210
255
247
255
33
0
74
0
104
0
116
0
106
0
72
0
20
0
214
255
154
255
108
255
88
255
100
255
145
255
218
255
50
0
137
0
206
0
240
0
229
0
169
0
68
0
199
255
71
255
222
254
165
254
173
254
251
254
136
255
64
0
2
1
168
1
13
2
19
2
172
1
220
0
187
255
119
254
75
253
118
252
54
252
185
252
22
254
72
0
43
3
127
6
242
9
36
13
187
15
106
17
0
18
177
255
142
0
90
0
68
0
51
0
30
0
4
0
231
255
204
255
185
255
178
255
186
255
210
255
247
255
33
0
74
0
104
0
116
0
106
0
72
0
20
0
214
255
154
255
108
255
88
255
100
255
145
255
218
255
50
0
137
0
206
0
240
0
229
0
169
0
68
0
199
255
71
255
222
254
165
254
173
254
251
254
136
255
64
0
2
1
168
1
13
2
19
2
172
1
220
0
187
255
119
254
75
253
118
252
54
252
185
252
22
254
72
0
43
3
127
6
242
9
36
13
187
15
106
17
0
18
177
255
142
0
90
0
68
0
51
0
30
0
4
0
231
255
204
255
185
255
178
255
186
255
210
255
247
255
33
0
74
0
104
0
116
0
106
0
72
0
20
0
214
255
154
255
108
255
88
255
100
255
145
255
218
255
50
0
137
0
206
0
240
0
229
0
169
0
68
0
199
255
71
255
222
254
165
254
173
254
251
254
136
255
64
0
2
1
168
1
13
2
19
2
172
1
220
0
187
255
119
254
75
253
118
252
54
252
185
252
22
254
72
0
43
3
127
6
242
9
36
13
187
15
106
17
0
18
177
255
142
0
90
0
68
0
51
0
30
0
4
0
231
255
204
255
185
255
178
255
186
255
210
255
247
255
33
0
74
0
104
0
116
0
106
0
72
0
20
0
214
255
154
255
108
255
88
255
100
255
145
255
218
255
50
0
137
0
206
0
240
0
229
0
169
0
68
0
199
255
71
255
222
254
165
254
173
254
251
254
136
255
64
0
2
1
168
1
13
2
19
2
172
1
220
0
187
255
119
254
75
253
118
252
54
252
185
252
22
254
72
0
43
3
127
6
242
9
36
13
187
15
106
17
0
18
177
255
142
0
90
0
68
0
51
0
30
0
4
0
231
255
204
255
185
255
178
255
186
255
210
255
247
255
33
0
74
0
104
0
116
0
106
0
72
0
20
0
214
255
154
255
108
255
88
255
100
255
145
255
218
255
50
0
137
0
206
0
240
0
229
0
169
0
68
0
199
255
71
255
222
254
165
254
173
254
251
254
136
255
64
0
2
1
168
1
13
2
19
2
172
1
220
0
187
255
119
254
75
253
118
252
54
252
185
252
22
254
72
0
43
3
127
6
242
9
36
13
187
15
106
17
0
18
177
255
142
0
90
0
68
0
51
0
30
0
4
0
231
255
204
255
185
255
178
255
186
255
210
255
247
255
33
0
74
0
104
0
116
0
106
0
72
0
20
0
214
255
154
255
108
255
88
255
100
255
145
255
218
255
50
0
137
0
206
0
240
0
229
0
169
0
68
0
199
255
71
255
222
254
165
254
173
254
251
254
136
255
64
0
2
1
168
1
13
2
19
2
172
1
220
0
187
255
119
254
75
253
118
252
54
252
185
252
22
254
72
0
43
3
127
6
242
9
36
13
187
15
106
17
0
18
177
255
142
0
90
0
68
0
51
0
30
0
4
0
231
255
204
255
185
255
178
255
186
255
210
255
247
255
33
0
74
0
104
0
116
0
106
0
72
0
20
0
214
255
154
255
108
255
88
255
100
255
145
255
218
255
50
0
137
0
206
0
240
0
229
0
169
0
68
0
199
255
71
255
222
254
165
254
173
254
251
254
136
255
64
0
2
1
168
1
13
2
19
2
172
1
220
0
187
255
119
254
75
253
118
252
54
252
185
252
22
254
72
0
43
3
127
6
242
9
36
13
187
15
106
17
0
18
