17
1
17
3
17
5
17
7
17
9
17
11
19
1
19
3
19
5
19
7
19
9
19
11
21
1
21
3
21
5
21
7
21
9
21
11
23
1
23
3
23
5
23
7
23
9
23
11
25
1
25
3
25
5
25
7
25
9
25
11
27
1
27
3
27
5
27
7
27
9
27
11
29
1
29
3
29
5
29
7
29
9
29
11
15
1
15
3
15
5
15
7
15
9
15
11
31
1
31
3
31
5
31
7
31
9
31
11
33
1
33
3
33
5
33
7
33
9
33
11
35
1
35
3
35
5
35
7
35
9
35
11
37
1
37
3
37
5
37
7
37
9
37
11
39
1
39
3
39
5
39
7
39
9
39
11
41
1
41
3
41
5
41
7
41
9
41
11
43
1
43
3
43
5
43
7
43
9
43
11
15
1
15
3
15
5
15
7
15
9
15
11
45
1
45
3
45
5
45
7
45
9
45
11
47
1
47
3
47
5
47
7
47
9
47
11
49
1
49
3
49
5
49
7
49
9
49
11
51
1
51
3
51
5
51
7
51
9
51
11
53
1
53
3
53
5
53
7
53
9
53
11
55
1
55
3
55
5
55
7
55
9
55
11
57
1
57
3
57
5
57
7
57
9
57
11
15
1
15
3
15
5
15
7
15
9
15
11
59
1
59
3
59
5
59
7
59
9
59
11
61
1
61
3
61
5
61
7
61
9
61
11
63
1
63
3
63
5
63
7
63
9
63
11
65
1
65
3
65
5
65
7
65
9
65
11
67
1
67
3
67
5
67
7
67
9
67
11
69
1
69
3
69
5
69
7
69
9
69
11
71
1
71
3
71
5
71
7
71
9
71
11
15
1
15
3
15
5
15
7
15
9
15
11
73
1
73
3
73
5
73
7
73
9
73
11
75
1
75
3
75
5
75
7
75
9
75
11
77
1
77
3
77
5
77
7
77
9
77
11
79
1
79
3
79
5
79
7
79
9
79
11
81
1
81
3
81
5
81
7
81
9
81
11
83
1
83
3
83
5
83
7
83
9
83
11
85
1
85
3
85
5
85
7
85
9
85
11
15
1
15
3
15
5
15
7
15
9
15
11
87
1
87
3
87
5
87
7
87
9
87
11
89
1
89
3
89
5
89
7
89
9
89
11
91
1
91
3
91
5
91
7
91
9
91
11
93
1
93
3
93
5
93
7
93
9
93
11
95
1
95
3
95
5
95
7
95
9
95
11
97
1
97
3
97
5
97
7
97
9
97
11
99
1
99
3
99
5
99
7
99
9
99
11
15
1
15
3
15
5
15
7
15
9
15
11
101
1
101
3
101
5
101
7
101
9
101
11
103
1
103
3
103
5
103
7
103
9
103
11
105
1
105
3
105
5
105
7
105
9
105
11
107
1
107
3
107
5
107
7
107
9
107
11
109
1
109
3
109
5
109
7
109
9
109
11
111
1
111
3
111
5
111
7
111
9
111
11
113
1
113
3
113
5
113
7
113
9
113
11
15
1
15
3
15
5
15
7
15
9
15
11
115
1
115
3
115
5
115
7
115
9
115
11
117
1
117
3
117
5
117
7
117
9
117
11
119
1
119
3
119
5
119
7
119
9
119
11
121
1
121
3
121
5
121
7
121
9
121
11
123
1
123
3
123
5
123
7
123
9
123
11
125
1
125
3
125
5
125
7
125
9
125
11
127
1
127
3
127
5
127
7
127
9
127
11
15
1
15
3
15
5
15
7
15
9
15
11
129
1
129
3
129
5
129
7
129
9
129
11
131
1
131
3
131
5
131
7
131
9
131
11
133
1
133
3
133
5
133
7
133
9
133
11
135
1
135
3
135
5
135
7
135
9
135
11
137
1
137
3
137
5
137
7
137
9
137
11
139
1
139
3
139
5
139
7
139
9
139
11
141
1
141
3
141
5
141
7
141
9
141
11
15
1
15
3
15
5
15
7
15
9
15
11
143
1
143
3
143
5
143
7
143
9
143
11
145
1
145
3
145
5
145
7
145
9
145
11
147
1
147
3
147
5
147
7
147
9
147
11
149
1
149
3
149
5
149
7
149
9
149
11
151
1
151
3
151
5
151
7
151
9
151
11
153
1
153
3
153
5
153
7
153
9
153
11
155
1
155
3
155
5
155
7
155
9
155
11
15
1
15
3
15
5
15
7
15
9
15
11
157
1
157
3
157
5
157
7
157
9
157
11
159
1
159
3
159
5
159
7
159
9
159
11
161
1
161
3
161
5
161
7
161
9
161
11
163
1
163
3
163
5
163
7
163
9
163
11
165
1
165
3
165
5
165
7
165
9
165
11
167
1
167
3
167
5
167
7
167
9
167
11
169
1
169
3
169
5
169
7
169
9
169
11
15
1
15
3
15
5
15
7
15
9
15
11
171
1
171
3
171
5
171
7
171
9
171
11
173
1
173
3
173
5
173
7
173
9
173
11
175
1
175
3
175
5
175
7
175
9
175
11
177
1
177
3
177
5
177
7
177
9
177
11
179
1
179
3
179
5
179
7
179
9
179
11
181
1
181
3
181
5
181
7
181
9
181
11
183
1
183
3
183
5
183
7
183
9
183
11
15
1
15
3
15
5
15
7
15
9
15
11
185
1
185
3
185
5
185
7
185
9
185
11
187
1
187
3
187
5
187
7
187
9
187
11
189
1
189
3
189
5
189
7
189
9
189
11
191
1
191
3
191
5
191
7
191
9
191
11
193
1
193
3
193
5
193
7
193
9
193
11
195
1
195
3
195
5
195
7
195
9
195
11
197
1
197
3
197
5
197
7
197
9
197
11
15
1
15
3
15
5
15
7
15
9
15
11
199
1
199
3
199
5
199
7
199
9
199
11
201
1
201
3
201
5
201
7
201
9
201
11
203
1
203
3
203
5
203
7
203
9
203
11
205
1
205
3
205
5
205
7
205
9
205
11
207
1
207
3
207
5
207
7
207
9
207
11
209
1
209
3
209
5
209
7
209
9
209
11
211
1
211
3
211
5
211
7
211
9
211
11
15
1
15
3
15
5
15
7
15
9
15
11
213
1
213
3
213
5
213
7
213
9
213
11
215
1
215
3
215
5
215
7
215
9
215
11
217
1
217
3
217
5
217
7
217
9
217
11
219
1
219
3
219
5
219
7
219
9
219
11
221
1
221
3
221
5
221
7
221
9
221
11
223
1
223
3
223
5
223
7
223
9
223
11
225
1
225
3
225
5
225
7
225
9
225
11
15
1
15
3
15
5
15
7
15
9
15
11
227
1
227
3
227
5
227
7
227
9
227
11
229
1
229
3
229
5
229
7
229
9
229
11
231
1
231
3
231
5
231
7
231
9
231
11
233
1
233
3
233
5
233
7
233
9
233
11
235
1
235
3
235
5
235
7
235
9
235
11
237
1
237
3
237
5
237
7
237
9
237
11
239
1
239
3
239
5
239
7
239
9
239
11
15
1
15
3
15
5
15
7
15
9
15
11
