0
1
0
1
0
1
0
1
0
1
0
1
0
1
0
1
0
1
0
1
0
1
0
1
0
1
0
1
0
1
0
1
0
1
0
1
0
1
0
1
0
1
0
1
0
1
0
1
0
1
0
1
0
1
0
1
0
1
0
1
0
1
0
1
0
1
0
1
0
1
0
1
0
1
4
1
8
1
12
1
14
1
16
1
18
1
22
1
24
1
26
1
28
1
32
1
34
1
36
1
38
1
40
1
46
1
61
1
76
1
92
1
107
1
122
1
138
1
153
1
168
1
184
1
199
1
215
1
230
1
244
1
5
2
20
2
35
2
38
2
40
2
42
2
48
2
53
2
58
2
63
2
68
2
88
2
108
2
128
2
148
2
168
2
188
2
218
2
248
2
40
3
56
3
71
3
87
3
102
3
117
3
133
3
148
3
163
3
179
3
194
3
209
3
225
3
240
3
0
4
0
4
0
4
1
4
2
4
3
4
4
4
5
4
6
4
7
4
8
4
9
4
10
4
11
4
12
4
13
4
14
4
15
4
16
4
17
4
18
4
18
4
19
4
20
4
21
4
22
4
23
4
24
4
25
4
26
4
27
4
28
4
29
4
30
4
31
4
32
4
33
4
34
4
35
4
36
4
37
4
37
4
38
4
39
4
40
4
41
4
42
4
43
4
44
4
45
4
46
4
47
4
48
4
49
4
50
4
51
4
52
4
53
4
54
4
55
4
56
4
56
4
56
4
56
4
56
4
56
4
56
4
56
4
56
4
56
4
56
4
56
4
56
4
56
4
56
4
56
4
56
4
56
4
56
4
56
4
56
4
56
4
56
4
56
4
56
4
56
4
56
4
56
4
56
4
56
4
56
4
56
4
56
4
56
4
56
4
56
4
56
4
56
4
56
4
56
4
56
4
56
4
56
4
56
4
56
4
56
4
56
4
56
4
56
4
56
4
56
4
56
4
56
4
56
4
56
4
56
4
56
4
56
4
56
4
56
4
56
4
56
4
56
4
56
4
56
4
56
4
56
4
56
4
56
4
56
4
56
4
56
4
56
4
56
4
56
4
56
4
56
4
56
4
56
4
56
4
56
4
56
4
56
4
56
4
56
4
56
4
56
4
56
4
56
4
56
4
56
4
56
4
56
4
56
4
56
4
56
4
56
4
